38040
xxx1
228311
215226
308270
141959
131015
324858
320687
121175
xxxenglisch
92063
3444
320687
141950
139388
275970
131015
324858
320687
121175
92063
3444
320687
141950
139388
275970
131015
324858
320687
121175
92063
3444
320687
269879
22373
320687
99558
211534
320687
345133
92063
3444
171889
320687
345133
12286
106170
92063
3444
295958
174882
12286
320615
116300
8523
320687
113315
320687
141950
139388
275970
131015
324858
320687
121175
116300
xxxjonny
41131
12286
59282
128177
12286
8523
215835
xxxarlingtonians
116300
317407
290939
12286
0
296323
109838
216107
149312
320687
336759
26012
211534
320687
342018
99558
211534
320687
364242
300024
19863
211534
320687
121175
171868
0
294675
349347
146792
311019
214065
322213
22373
0
89690
211534
274798
200196
333489
187420
187144
158523
11449
356247
153618
173875
36691
129511
238916
365390
16700
82401
171889
117487
19298
295958
9906
250545
320635
320830
304507
321893
85441
363062
19298
0
250048
197625
146297
322213
238916
134059
213903
261010
131914
0
251070
364725
362854
322213
193888
211534
320687
230161
212643
159423
364163
343492
116300
250048
194509
211534
320687
323742
179224
296905
364163
310239
116300
322213
251070
43551
193888
211534
321590
364163
168498
65184
366577
320687
194393
211534
294675
129511
236171
211534
225147
364725
158523
211196
29781
212643
320687
365280
159423
362946
314731
320687
294675
129511
236171
211534
225147
320635
364163
343492
12286
295958
320687
251070
267098
175395
211534
320687
230161
364163
181734
12286
193888
211534
320884
364163
189231
106078
320687
212760
366577
85441
363062
179224
364163
150439
211534
320687
213550
320635
320830
75936
8523
177184
0
33681
190184
149312
63839
92196
119297
320687
328792
149312
320687
113285
238537
12286
297028
276749
320635
106078
320687
328792
131914
30354
0
26159
194382
12286
320635
200528
212714
288989
106142
134389
169982
320687
210797
