122 122 7a
65 65 41
87 87 57
69 69 45
68 68 44
73 73 49
84 84 54
69 69 45
32 32 20
87 87 57
32 32 20
80 80 50
82 82 52
79 79 4f
71 71 47
82 82 52
65 65 41
77 77 4d
77 77 4d
69 69 45
32 32 20
80 80 50
69 69 45
82 82 52
69 69 45
77 77 4d
69 69 45
78 78 4e
78 78 4e
85 85 55
64 64 40
32 32 20
116 116 74
101 101 65
120 120 78
116 116 74
32 32 20
73 73 49
32 32 20
80 80 50
82 82 52
73 73 49
83 83 53
87 87 57
79 79 4f
74 74 4a
84 84 54
69 69 45
32 32 20
69 69 45
74 74 4a
32 32 20
75 75 4b
65 65 41
75 75 4b
79 79 4f
74 74 4a
45 45 2d
78 78 4e
73 73 49
66 66 42
85 85 55
68 68 44
88 88 58
32 32 20
82 82 52
85 85 55
83 83 53
83 83 53
75 75 4b
73 73 49
74 74 4a
32 32 20
84 84 54
69 69 45
75 75 4b
83 83 53
84 84 54
32 32 20
68 68 44
76 76 4c
73 73 49
78 78 4e
79 79 4f
74 74 4a
32 32 20
87 87 57
32 32 20
79 79 4f
68 68 44
78 78 4e
79 79 4f
32 32 20
80 80 50
82 82 52
69 69 45
68 68 44
76 76 4c
79 79 4f
86 86 56
69 69 45
78 78 4e
73 73 49
69 69 45
46 46 2e
13 13 d
10 10 a
